1	2	6	24
-0.0724599506105495	-0.0417256863578845	0.890121061363861	1.69348253904878
-0.281060715888524	0.466398983164358	0.783091728820525	1.26950931485905
0.160472881251808	2.0765635310292	-0.72439287177212	-0.458747616414939
-0.0169989194653101	1.22744347418765	-0.59410432528665	-0.542908476348606
0.615313241919186	0.697422332272867	1.35172342317215	1.86621541447623
0.0726514322024935	0.336516009776504	0.0965416033033874	1.00635507092654
0.0366066369103386	0.415195633407582	1.1998013447471	-0.158818259775872
0.0768155267882713	-0.125989830396434	-0.295361601265314	-1.0528531356105
0.187135755768152	-0.143091022051958	0.468834139132234	1.66263481176171
0.0501755863388637	0.181711199223578	-0.079886194014661	1.00633694628868
-0.20750508157753	-0.26505239466523	-0.780033810790481	-1.19745996393147
-0.098182642511721	-0.130192914725721	0.722550299205951	1.36069733768031
-0.0329365158836806	0.0704116734142822	0.152565057991172	1.09741053354331
0.0455089980229519	-0.127599845588224	-0.537135120055012	-1.07552659856213
0.559731273143475	0.704895995548805	1.01453475063488	0.290062442615931
0.0831593982863984	-0.19685513168175	-0.464392774502053	-1.20326115426115
-0.0117891572721324	0.188696542058631	-0.209155737357835	-1.34351513201544
0.0561372841091412	0.187927708680106	1.00171021251704	1.47519504919179
0.297744108935783	0.010342245035155	-0.854698434145778	-1.60508541066464
0.00327901641898088	0.174362714764818	-0.29519067047502	-1.76361289001888
-0.385879150172337	-0.183787165235375	-0.410006594580873	1.84510549669284
0.385418186643872	0.194620845310528	-0.900810420965837	-2.24456011388226
-0.328876548260344	0.384744677986316	0.951480808734032	1.15555456345185
-0.158139922714316	0.0239063229976527	-0.645175774745776	-2.11592867649556
-0.0686030996224485	-0.448261776092453	-0.599528805366002	-1.85350496180629
0.62654259688446	0.861050318865989	-0.17311250051504	-1.63592677468252
0.0304616629024377	-0.0316930892648646	-0.614787242943377	-1.29655813025265
-0.036634920542497	-0.308247794989502	-1.67559792116144	-1.12458887916078
-0.115177897494236	0.180273022133711	0.300660807485081	1.13995039229881
0.0936869440741463	-0.0120814817743936	-0.562132010713597	-1.16991655278394
-0.0590419362983848	-0.0991879206996559	1.31910143537884	2.67606811881631
-0.0868786024571366	0.017236930820195	-1.31296921370406	-1.07035610615145
0.313318772620476	0.461014536184002	0.285932603868899	1.09476710044575
0.142974576929675	0.232507711796856	1.21340138316908	1.95964702177257
0.0311051428667907	-0.27670745114939	-0.284127959265558	-1.28788693616089
1.09324543017811	1.41626989212265	2.45490591341565	3.62664859385403
-0.0635188571093964	-0.119197806621925	0.271060338662746	1.02412414558018
0.149270027067637	-0.242554961693829	1.91757730650223	2.98545735430087
0.0524354595448533	0.15916768035114	-0.92156200802722	-2.069488331996
1.12794198405702	2.86749228519629	1.77382144605814	-1.50399869564343
0.0890188522525494	0.422534957288981	-0.634472077048419	-2.12631650045721
-0.20342916332287	0.863564242235363	0.179185643641523	1.21348388522111
0.210929670106152	-0.295200425729271	-0.0622086867599102	-1.83702536888306
-0.663912045410779	-0.510777980430112	0.197611243586987	1.33055897151726
0.479940104655767	1.5379242759344	0.171577998355683	-2.06982901423365
0.129645676146141	0.317447897161204	0.785748816083958	1.19872205166085
0.36663401203138	0.447050559551499	2.05483615001045	3.54017614916266
0.00478280157900011	0.0326816534433139	1.18505865434303	1.85792535762362
0.0588663514244127	-0.343894388736503	-0.480108962149735	-1.15775476964608
0.402117844110132	0.04322603563902	0.0953498746727359	1.22781295709004
-0.0223190451775148	0.20271493209723	1.45858364279366	1.72407136256523
0.123826972976341	-0.459090922392394	-0.451902202834648	-1.35378427013729
-0.0993316222955707	0.148597990085826	0.834223949341947	1.39770767858193
1.1270154193552	2.39127192937279	3.32728228653787	4.01105039536332
0.0932310818998103	-0.181871392807006	-0.31143184671012	1.00231050911046
0.510820725194113	0.0149946799174474	0.405422474859241	-1.76179283617595
0.367065564408093	0.809391373263156	0.409018171251026	1.06978125827278
0.0977134231962085	1.39176386503762	0.279807795047118	-1.35591515193341
0.126742714208012	0.0851654996739151	0.472563167450125	-1.76504248339152
-0.000185848721720139	0.0884959801839814	0.260673929566433	1.08492666288185
-0.157883058674155	0.104846944556689	0.745375223504196	1.15065120298919
-0.000731906986831418	-0.11326424556378	-0.578147066993292	-1.16244087452379
0.0668287105514135	1.22885598873321	1.04397788524251	3.38668137481556
0.00975388572997143	-0.388854093100693	0.687878881659945	1.31905305534076
0.189675317825082	0.289433460064225	-0.303898654797287	-1.40230396237311
-0.191175044515851	-0.314930088653571	-1.01985711663585	-0.541515983572989
0.325453453744377	0.286462292734366	0.167672024510372	-1.33391280497162
0.230217800665819	0.631808668123798	1.35029947009398	2.00117365274074
0.107121432041194	0.178234312477567	-0.139196163101208	-1.00742202158109
-0.0602166240844262	-0.0356336388475353	-0.493190206055551	-1.35014478558578
0.112206980322933	0.0693952179307652	0.0913822995360584	-1.5544909212463
0.123804047801608	0.128858295822787	0.46572727469661	1.31437220473714
0.0694458381056626	0.000526681813846504	-0.423412511952667	1.41652844653915
0.0381618411807914	0.839460853577618	1.03431981986344	1.35900610466386
-0.118900302559797	0.374922009833564	0.70034421055073	1.38580424220418
0.0268481275026831	0.116977562571742	0.61682104863701	1.03137511505833
0.226805690389994	0.193495667706524	0.231358435986785	-1.67322034352536
0.141682842892585	-0.199992768108786	-0.682025887385661	-1.02531231558537
0.200351223663726	0.396161823647849	-0.136606484525773	-1.16524994030243
0.416770923583951	0.440717980968469	1.05204120823104	1.5723112224561
0.00806063655248002	0.288089973952246	2.05050840676525	2.89720079876106
0.0893585932020975	-0.0879660088487401	-0.558595959408214	-1.10681147738932
-0.142647125257979	0.141242873096619	1.20340953982157	0.185208612312447
1.02799544125024	1.8013664173845	0.677440167929923	5.11850656001152
-0.0798028133278581	0.16557728248759	0.692094649278972	1.27660302789364
0.239694490169182	-0.309210392940727	0.319227118992171	-1.75558545054028
0.296921980730588	0.264414105519786	0.175844617046649	1.30370706815622
0.335314067542617	0.751791016856774	1.12839482462548	0.244496959442583
0.0247088713279846	-0.0915099070903606	0.776213082902902	1.22682353393217
0.260909503454242	1.18941688946446	-0.233447055900337	-1.13661386105712
-0.020636089408835	-0.0680010191658732	-0.222365696813695	-1.22218750810574
0.085013019176445	0.178061438905837	0.237851299481142	1.01442987105337
0.0149093010855977	0.117791943329408	1.37806598349898	2.06909613589459
0.0960817338422966	0.283394056739849	0.523834677013362	1.10465766772189
-0.267701124080344	-0.033378509359919	1.04362833719834	1.32522028699912
0.605281299049329	1.514666923332	2.22939515292676	3.2239344152589
0.0210723237548076	0.253023884041647	1.35008593188481	1.04476941661243
0.146508790429808	0.581175626025767	2.42438243963487	2.1072100495431
1.36290388451207	-0.323049241708592	1.42333868528612	0.644004498970416
0.189892831514416	-0.168241513262941	-0.893291496100754	-3.39873296637999
-0.213080161022439	-0.277967188876295	0.230534023923677	1.34951188375982
0.0297472585136962	0.835205247480395	2.36246672786632	2.66785065371873
0.117811331945983	0.0888918385187484	-0.644891800453704	-1.12070313470905
-0.0957881055383445	-0.216442992603001	-1.05347794942806	-2.5133691438126
0.196218762869713	0.540208897398567	1.42852315721907	1.72901279430588
0.261789514936937	0.776574838826843	2.48684584052373	2.26353614207179
0.209514779570894	-0.0239749965323401	-0.434027770116128	-1.31347708311493
-0.182169609789275	-0.517378478902959	-1.76114562170986	-3.76634184526986
0.0585874403978896	0.150063698880641	1.04778492005984	2.02802108485536
-0.134915539836882	0.26133501178993	0.910093224944756	1.25346867873243
0.0460789353409369	-0.213582399853991	0.196853021882913	1.05963016087482
0.181062811289229	0.314712669276601	0.0186613851673022	1.00268360632647
0.105104180956601	-0.0920272863722162	-0.676002824197469	-1.36192170009926
-0.261528443008445	-0.172308435532297	-1.21344404181198	-0.925255039309286
0.231658071601741	0.956657723907338	1.52532202476228	2.11296742289661
-0.11098697952082	0.312728238809677	0.0749449744396817	-1.18761139481814
-0.0116174775612081	-0.151502478528316	0.661474492115092	1.0290967308847
0.141789283254051	1.06817075603279	-0.332772673929497	-1.64246344861043
0.546151218797414	0.261622403533666	-0.805283250568847	-1.93351093167224
-0.0356281127944278	0.256066636183376	0.428692300769992	1.04788871614727
0.26085913222146	-0.211715897261537	0.333002991804429	1.00527329529339
0.0138201255653934	-0.342943245141126	-0.888418198541	-1.25044085328587
0.0134256734932862	-0.249969083657218	-0.413959316515434	-1.13968895329806
0.861052881988835	-0.325303701100469	1.8471432766495	2.53520695659765
0.0787487800962032	-0.131623149825356	-0.301006312666129	-1.07159681311901
-0.0877399525020116	-0.268507959436612	-0.834271251515484	-1.25164774727567
0.417483260436597	-0.082211947271393	-0.197799163479106	-1.04579728720992
0.235213960621993	0.217478089980781	0.919287740166917	1.64306064247944
0.18868500851013	0.0102293364093624	0.391679211614557	1.07025501850611
-0.31196692000165	0.142295988749044	1.0215813373963	1.89644578137157
-0.242909614665483	0.0909021914880369	0.765534347297876	1.06835985633277
0.477331857448068	1.00131766945941	-0.638950712516913	-3.84853627110567
-0.275581269651081	0.163901322847095	0.542459424607437	1.06828946528267
-0.080877392380532	-0.0680581830883735	-0.236730474065025	-1.05427591405406
-0.225488497075502	-0.253925268377075	0.033509642200431	1.18580710951938
0.0284388902640036	0.185511362901478	0.744036081883204	1.07809471277849
-0.0386760388156275	-0.550685033873462	-1.11197659356031	-0.570833526460067
-0.124831096383002	-0.167298261316442	0.527548954742395	1.11362359211493
-0.0032125392758395	0.309519738005052	1.14877547745063	1.33946699415433
0.139118306696249	1.41501530489852	0.766646653918845	2.02511647576149
0.183309739738579	0.510979441801169	1.3514815946912	1.65235257766766
0.023403230926155	0.21313497114073	0.833515636791504	1.10358240577609
-0.0627913449352315	-0.169935174486894	-0.598708778272883	-1.18845320103851
-0.451713605706814	-1.02910164252639	-0.328841834333961	0.0220162103890296
0.12098149537875	0.399845912374178	0.147951936409275	-1.22901555811875
0.0866164148116335	-0.0635115811064027	-0.0233041698680335	-1.30542850253168
1.04123952822393	1.42993039583341	1.5699674917725	0.873079376182733
0.0555349168287766	-0.269983833095651	-0.558717758841775	-1.34566950967603
-0.106766349346596	-0.0343948396556501	0.521061629485673	1.35110409527932
0.171035062661068	1.46750417953527	-0.413409258443951	-0.0188171626466424
0.0275494434452164	-0.0215760342649006	0.58291520483415	1.14895245998916
0.513157849154802	1.23561852321	0.795801968088643	2.42216575641637
-0.113005381253812	-0.263186315504269	-0.800627278676916	-1.16921013929569
-0.0516128746126986	-0.231904301548489	-0.352877592626318	-1.09422913409159
-0.0354608999465484	0.0871115338364544	0.877692826234622	1.10579456103029
0.0589037318994165	-0.349647149429466	-0.445506651194051	-1.00994229103697
0.183710557298239	-0.02047596523033	1.46416817180291	1.67404854584562
0.0187738211689947	0.414264996811985	1.12851685873664	1.26867917348289
0.0317731862697989	-0.3709408159101	-0.924987969410015	-1.10696322453869
-0.0239012110367663	-0.407441519195705	-1.13399900138995	-0.0638343427497533
-0.0642149116613634	-0.250050819443875	-1.01114604108689	-1.61211423023452
0.0703546014670568	-0.184759135688276	-0.316551338533547	-1.20091903455808
0.0382084175441276	-0.0349861984357792	-1.04139669482745	-0.587104276016133
0.0358279239856534	0.325799983771267	1.00036544815066	1.14847928006776
0.439543777604617	0.919563465673591	1.09912038294064	2.0554665300102
-0.128327963848519	-0.524886702004953	-2.05147304533735	-1.53351093455956
0.108482263374881	0.159850925619463	-0.307095744255483	-2.71155630699311
-0.0473306185544489	0.00386009651397953	0.568271978777858	1.13534568945093
0.0914028776291597	0.0552482947538845	1.01355735153025	1.45662002206047
0.0738221123797052	0.103787677322819	0.570448232126731	1.26139303873802
-0.271439255924039	-0.207013236087404	-0.246097102847245	-1.08931393490665
0.098323730750923	-0.0689412895385947	1.11961866937732	1.56331084388837
-0.0588576113398784	-0.170137885956521	0.866208990537716	1.20794216454694
0.196569456594322	0.267342434445335	-1.29031315763517	-2.61864516836606
0.0491946634626514	-0.0758850697079952	-0.0948870245652387	-2.09372281816545
0.223167248770531	0.840600078712972	1.14804697396423	1.47151064771946
0.0768778452395427	0.372503653803423	1.4297744674369	1.79829546610673
0.00742549929040197	0.0722517699827094	-0.726719881586957	-1.79307105504146
-0.0489107563389116	0.338592953608776	-0.228490507619317	-1.44716075926161
0.0186474310597137	0.339590695033249	0.217704233351777	1.04567422729435
0.716367216580415	1.98787419947664	-0.107006730764755	-0.308499923071857
0.352536251969508	-0.0884636940568151	0.194949090199275	1.66867402879653
0.0460077043283736	-0.0141984412911914	0.940924631043122	1.20738647144595
0.0400732321399275	0.0854801445489332	1.11741014909583	2.56624768222655
0.168065703064195	0.311708675806776	1.43295752392402	2.05917194465954
1.47570743670275	1.29606626876423	1.60558203138713	0.144993574326935
0.626661539249145	1.9083078863769	3.12163943207184	2.5946095804208
0.576925890889506	0.922068979756463	-0.428649529376001	-1.44778072070553
-0.0894306278092708	0.0115758095243225	0.655035984459737	1.24220449265433
0.263416887185217	0.750667985643518	1.49132700231632	1.79333617358853
0.185919608333293	0.516925148075068	1.9152881681794	1.6326783269625
1.28128130168066	1.78860736210266	2.00966327240655	6.34186853987261
0.05291137855931	-0.0875778995051774	0.731036310498744	1.05802355072072
0.408212381784853	0.0770940568478792	-0.0247589165575593	-1.35031640353854
-0.347422532359315	-0.358140477293549	-0.493462361315683	-1.29992840215225
-0.612242764094223	-0.0554940408886524	-1.19400499037983	-1.49779857647865
-0.730601089783932	-0.249332453229326	-0.714040286245029	-1.52310816705645
0.501638864995049	0.850053762400946	1.08543905636336	1.5268364069532
0.323274110297183	-0.541650346029354	-1.33870183561558	-0.412668808688827
0.061330222018692	-0.0497322179737711	1.19579462828091	2.13708199661668
-0.0194010489353421	-0.286237149176045	-1.73857690484927	-1.68919062771209
0.0503211916235864	0.322633463192796	0.567219626051151	1.76873056872553
-0.169272848763397	-0.0960504433527093	0.472204155860963	1.09589502906543
-0.12566838386351	-0.127547793491511	-0.51602693229586	-1.03974182326826
0.285598373199327	0.174881838487243	0.558705922769325	1.66965970917396
0.0114679893675929	0.245028204660491	-0.574769269926511	-1.08452204063844
0.227584590705727	1.92178181565236	-0.451322324519959	-0.242083590910281
0.363365651081523	1.34905337693952	0.382563439215891	-0.29403531605327
0.144953936988749	0.203718254931753	0.560024573542878	1.32233609627737
-0.11042187942104	-0.266586785527266	-0.679016709537888	-1.93626832533971
0.284217375583559	0.895454728502283	1.08730189930758	0.770905852407682
0.207699899988585	-0.57955446733468	-0.734511597821193	-3.38953559657216
-0.00345041809122084	-0.407513722735626	0.0719858282334114	-1.08883728206075
-0.021227237484311	-0.29033320272243	-1.01756958684186	-1.0809876732247
-0.15589228537327	0.130812947522897	0.771042252517924	1.35201418719227
0.0658939649059244	0.573839470358084	1.73532994573884	1.55160630443556
0.666108333817043	0.606967808318431	-0.26255544659131	-1.25307652560182
0.764440004872062	1.87650394783394	0.985542554557675	-1.41236550757994
0.708559805665267	1.62201438255437	2.60573973712739	2.36490015904321
-0.00545094604836791	-0.225631712495262	-1.14223947292757	-0.565708853533985
-0.0688923693970177	-0.20789699439025	-0.91876684988331	-1.49528119899029
-0.00468122223266413	-0.010368770204821	-0.448814904077903	-1.16617437784123
0.360363141397918	0.204898462862587	-0.226837821299427	-2.22002914565209
0.116517133215375	0.00851056890044162	0.502303898676977	1.11904833814363
-0.151770484320734	0.0447531859777818	0.336215448765992	1.64218199777878
0.0366189643919143	0.417633158511601	-0.511286066201187	-1.04315796703981
1.91718092423106	1.97221363910601	3.33929884719469	5.0125828666479
0.436859721448788	0.222240017907431	1.52348011813366	4.07482228531799
-0.0582416994574394	-0.0518370463310044	-0.174137511835376	-1.03355848515949
0.595474035425894	1.11701406886509	0.726266084164968	1.69657984498682
0.119743027356777	-0.00589024029147492	0.904925287623292	1.07908316219904
0.286803005390746	0.181755550803779	0.122864745416105	-1.04758969955553
0.286326363231405	0.468537120882518	0.818050277935902	1.9303617824867
3.82901113326109	2.0643308540686	2.8176921152751	7.09470839753159
0.0401840244425381	-0.200991751806179	0.172831278460844	2.13712663969524
-0.146928766342854	-0.152586973089872	-0.418049536338894	-1.08416097527473
1.03442381199756	5.05907945147822	0.570340176809209	-1.13956797890843
0.703651016951295	0.321348257307715	2.55651014200537	2.74083724265296
-0.199792150192155	0.0206244871116653	0.351077454479343	1.17569520540195
-0.196359562913349	-0.0857888756667714	0.88390218028044	1.50556717516732
0.637946152727764	0.759303433757259	1.55847242991278	0.70334589952983
0.479164435324411	1.22284634564359	-1.12876145961254	-1.20287176448136
-0.0609900443051637	0.0791914024754116	1.04899352152133	1.50376091454383
-0.100395701362436	0.138341916559823	1.04570886722981	1.98954057931956
0.448019118555593	0.561354934750793	1.10418646841435	1.8474910735522
1.30010874221564	4.23005291804655	1.81493118580657	5.86947877159446
0.096458572653056	0.312555907567941	0.631020241015778	1.16596646093433
-0.127229581985891	-0.508698982337592	-1.36099122590971	-1.48977895245014
0.15204952384847	0.0779709457291016	-0.973476372629691	-1.44194910661356
-0.430002117120376	-0.285087690381675	-0.56270922235239	-1.09009994129511
0.0658073498996029	0.513819088405514	1.51260431735248	1.30281764365247
0.0155921621785688	0.170573097046025	1.81914937504174	1.41721185564311
0.306668992737995	0.682556087268969	1.36903060452576	2.55315785640127
0.0853824242268006	0.0202834823526588	0.402904315415276	1.1751563809805
0.00257384396483506	-0.296407562240858	-1.62300084975341	-2.00294465840913
0.0671570671632167	-0.052029267877124	-0.65368474117463	-1.24601420698217
0.123719384755345	0.412970016825582	0.310058046031956	-1.3081782011519
0.182466328669399	0.643137092446197	0.83415854004557	1.04719360259739
-0.137117045335755	-0.278192438612419	-1.20379681592475	-1.90180935718532
-0.48812280866371	-1.28863258554652	1.30202518360689	2.40274435326806
0.171774395816406	0.172230413484137	-0.167238850686929	2.6747432871658
-0.00753715017161948	-0.036153685932617	0.0165427537106014	-1.88574916793374
0.0150331665974106	0.363171396375872	1.56127755915681	1.79870986607898
1.00096452419246	0.728146588052208	0.728355393838356	-0.90295083708614
-0.0131380891638766	-0.275216674697832	-0.83123080034649	-1.59537439973091
0.375777287037779	-0.368206114311037	1.96868968444921	1.65156521481884
0.0999412449633137	0.0316252206899517	-0.510372236218052	-1.60466889712305
-0.00678440586183146	-0.0369902399519824	-0.578933474689738	-1.30330345461386
0.259482942606848	0.262896836360876	0.301768286239687	1.18564840845653
-0.148316105257181	-0.306856490878448	-0.369362433914229	-1.59410284685252
0.0751881993704481	0.00775958449005961	-0.241489774929502	-1.15618448743732
-0.0743885065564548	0.580164530590854	0.536552809985058	1.90942970360023
0.00740438960564284	-0.178711423814821	-0.610275621589316	-2.35850047754638
0.0291139338676358	0.00824893266420489	0.824832901222053	1.26536556210394
-0.11350191745356	0.335505388073019	1.31365952104109	0.8546616833764
0.2515142860499	1.19274831245043	1.75403510393537	1.96913462200652
0.335187470531516	1.05995878519199	1.18487450246798	3.21368121813277
0.547924847257814	0.0546268340778924	1.26731212875131	2.70432398430491
0.00540194654325888	-0.268117461264053	-0.654138564010261	-1.12092600925578
0.364422493127567	0.22773107713643	1.14291739912468	2.16027850960288
0.0658986805891775	-0.375818070940513	-0.684020901505531	-1.07796560064489
0.101197226318031	-0.242125272578184	-0.936219272759992	-1.00364341899955
0.331112332573902	0.181416220727247	-0.372647840925596	-1.97312070518419
0.318045228952068	-0.365786006588776	0.80121455583535	1.10897223763155
-0.123743052985736	0.20998790738837	1.10653745986205	1.86389311246156
0.250287771828831	-0.0740073645638983	-0.546626579121437	-1.19768773054683
0.735305984646294	0.150924703323073	1.14482161697893	0.609612373502831
0.7058261077718	1.50898202994474	1.88450199092909	2.16108325684091
-0.109446891588151	0.0128640598864057	-1.06315625226131	-1.17799238949658
0.235596683884568	-0.0249541106101607	-0.740040229831723	-1.67763797940472
0.753764534524438	0.180564648426173	-0.164988275244117	-1.24057768877083
0.12034740839123	-0.128279988720926	0.632719181990222	1.10142867585978
-0.0931246489115349	-0.045667315866477	0.865047759679722	1.00980759524301
0.306481792278356	1.50010307704112	1.93986894460282	2.46056047857529
-0.226011249917203	-0.14010303754115	-0.589309873258492	-1.02116875216835
0.286074983780927	1.4497169135293	-0.244544783762995	-2.94183448075203
0.39188290015805	0.493620589280588	0.852596245947323	2.07357155104469
0.311447604732587	-0.391560184056868	1.1327101178947	2.39309779827968
0.0185548128520698	-0.266354247347635	-1.1723480993833	-0.998191247553583
0.0133414427513923	-0.273851391560146	-1.11012144549318	-0.655184058376153
0.924694271487624	1.76702721258998	1.46914843849961	-0.629707692101339
-0.170147231818262	-0.256266014465794	-0.325676438748065	-1.02836585099216
-0.101799066598599	0.0791807008832707	0.621239465552171	1.09912204324598
-0.0502745774652236	-0.120108397757434	-0.667648943810161	-1.05749695910877
0.347443691604137	0.830078057033411	-0.212584965928045	2.18630123175557
-0.017199962707475	0.0490664547307486	0.501426814402753	1.069261683828
0.18777548194302	0.305521177097053	0.388192687085829	1.34181838068155
-0.0092102049292718	0.0777724931277192	0.215404087664393	1.1311485744938
0.288403241537001	0.265753002893313	1.62681706512524	1.48133655405345
-0.0410447379117575	-0.23786520651067	-0.639194911362367	-1.10095917421461
0.421065365775143	1.0490005359355	2.03471700676074	1.80647552575812
-0.235941379459625	-0.217698529675122	-1.13607757476612	-0.849747801808746
0.57269691598196	2.30326032273912	1.1395367430861	5.81061833596293
0.218918113030148	0.583647971281079	-0.263172717511226	-1.71154351390113
0.175892088125992	0.247593818792273	-0.748048642696455	-1.28844473792248
0.710491963388905	0.775381413350022	-0.601262156718552	-1.01992972782741
-0.103170817002328	-0.370903237098204	-1.07465003250748	-0.524090049075719
0.207279774706783	0.612049907387337	0.224710113086598	-2.33797879176376
0.0838191748713157	-0.25020233061216	-0.967170721071018	-1.40943736981806
0.441083179101921	0.365906187285195	-0.114342692792455	-1.06254111347073
0.0335796066113448	-0.128801742703712	-1.11398282784174	-1.25526667399451
-0.0131801583583108	-0.562847461578937	-0.363641232829095	1.04669534508066
-0.0449842332907732	0.0534176079710788	0.572213118558856	1.10681699785568
-0.0352075224995239	-0.0592447627325234	-0.366999163119618	-1.20766354702562
0.0537393355396099	0.354209609144331	1.05984385523891	1.55776129942548
-0.149463316889934	0.645252729847927	0.416332667347356	1.30274394099291
0.263383886599863	0.783380912323362	0.14651470752505	1.07395287570234
0.00608034455940194	-0.0238360900606629	0.660751495042458	1.23716118297639
0.0926649386764356	0.331464498160677	0.175396665458068	1.07673813483396
0.102445967439269	0.686907422668509	-0.75863233262034	1.06767261438692
-0.0907898016049456	0.0310696515236789	0.616418505205765	1.02133435680048
0.0126438699989078	0.357052861243888	1.16213778553151	2.39045548083889
-0.127844077591331	0.294029724600066	-0.444917212935726	-1.15624724088555
0.128322316134952	0.324092414539472	0.550270484842994	1.086857883714
0.0349665230957982	-0.179498009118102	-0.462533109660856	-1.06429513516441
-0.012810044522097	-0.15820739514187	-0.600310660662152	-1.07084547917572
-0.12248464072496	0.426071377789874	0.434705018523077	1.52298911332893
0.15803219065438	0.479459440822555	0.731980247146854	1.24909957878621
0.453237188613644	0.947181108072224	-0.849017258185842	-1.78076547631339
-0.187236260051731	0.0554759372064559	-1.07448817674652	-0.959975511647134
0.133306151375322	0.173118774027949	1.08487181967261	1.31010107056228
-0.137237731828768	0.387834254935277	1.80356028826707	1.86675642465511
-0.0870179368888913	0.773673930758839	1.78125880604299	1.52198872211003
-0.822160642482774	-1.52526202908515	-0.236833746571858	0.100248973003759
0.160149513472326	0.614199238815677	1.19321099723122	1.64194815345414
0.718654451930736	-0.019872617856537	0.65649463202696	1.90570388725484
0.191611274048088	0.354318361935805	0.947644652629351	1.02553160872174
0.0151529086930788	0.00106952810079928	-0.783501060433801	-1.00108161544692
-0.0608285571368093	0.0558948336772613	0.528118662163522	1.02166727866648
-0.0011394618217698	0.18780061422641	0.883798174079442	1.17873554757464
1.57885118446155	2.34959551652741	3.13973837706917	5.30638401823841
0.00103690869158698	-0.311158277016994	-1.17751152550497	-0.918781128763903
-0.213959862268292	0.279175210271659	1.49814900286705	1.8160568133484
0.388496019032164	0.824848941125076	1.21748642948098	0.870532696329903
0.32856023506731	-0.904372113113078	1.33282290612198	0.483279873380775
2.40858968577885	2.42832267852835	2.47086928223748	6.40374998639302
0.0900554095509087	0.239704301216333	0.761556391392416	1.19973901081131
0.0715684040933593	0.0224115615689371	-0.35903095297349	-1.51896271480184
0.395543445631939	0.866897405965091	-0.50435345769432	-2.37752402530415
-0.144525004935761	-0.0520826582405514	1.15759018140269	2.02416256033703
0.294172277172311	-0.254010271125736	0.416237446166935	1.03529728208545
-0.0796789420307159	1.02368279545144	0.789046579167522	1.11661082672342
0.319321376482784	-0.181424495819394	-0.597685369284872	-1.90582138904202
0.161765792873895	0.197431187468626	-0.41373059574052	-1.04507613921039
-0.119458413286389	0.0542845279088142	0.703869914137441	1.53428236560676
0.216939778591356	-0.291902781073415	-1.2159829012987	-0.98829425003401
0.259758775034434	0.349333689475689	0.0440257749782601	1.61468519701608
0.0919014922518536	0.1839777319122	0.376424237994914	1.22727917850655
0.619768119054838	0.810084838369355	1.62109217757609	1.93658719252886
0.405043684143687	0.427587522524746	1.44471929518511	1.1136226539344
0.0755096379182569	0.459758267826218	0.60842746137005	1.21894208792845
0.109500642172842	0.325782455400455	-0.252324916290645	1.1601235516026
0.175663145632645	-0.113094770986737	0.663108418907655	1.17375543312693
0.277870563917797	0.345476481432412	0.35404524419996	1.0001667692908
-0.10335450834414	0.120078716458072	0.723524142025988	1.30409104807864
0.116635072825152	0.147437328047986	1.19753175920921	1.73603937377832
0.0888283163611179	-0.13154951491408	-1.22749220975919	-2.34024019140238
0.0357848514587805	0.0595793137602541	0.459519451809659	1.16984953429034
0.0936528417552106	0.0616990824107745	-0.418363318075481	-1.10927252187338
-0.0215321126838985	0.243055540416409	1.48356538926309	1.55511172801415
0.132527866731661	-0.331123963461499	-0.821510478722404	-1.41183177581051
-0.0670624534575045	0.148850127675839	1.46443819785614	1.95108074183179
0.0397839468323352	-0.543342508674123	-1.00094708450517	-0.431374170105081
-0.0723278947800954	0.117289834674325	-1.3167484783788	0.110272861484341
-0.0375046188638628	-0.636746116388217	-1.16710599082036	-0.872756320797893
-0.0193258376911494	-0.432587731466293	-1.22944513676102	-0.631959919262142
0.00660099410984887	-0.476982057400422	-1.01147089642907	-0.542705554560044
0.068241757198599	-0.116105639330095	-1.14097326671442	-0.723803641460472
-0.179076961636313	-0.215652315968482	-1.32391420360579	-0.468102107001729
0.0359014686393629	0.582134284693912	-0.377563817977915	-1.3409070962409
0.449435491879092	0.915586579931209	1.13723702410569	-0.785452616678988
0.0239718249892481	-0.0475948342251902	-0.629812164472412	-1.08744364757553
0.000850095313276607	-0.169766219108306	-0.502862784955014	-1.02396399428004
-0.10878355933483	0.264050210432559	1.21983126112475	1.71320456867421
0.0413300279290224	0.479533390800018	0.931397634539051	1.5391695372654
-0.0908537467607958	0.381304220398161	0.880129700429661	1.12638184076534
0.0472156340507432	0.0366746394334247	-0.565944130047663	-1.23653157036734
1.65610948156856	1.99161137766051	1.77905608586337	6.05861979341016
1.31802251088931	0.7405023925559	1.20976177169418	-1.85080607922185
1.5079187515402	3.60756854488542	1.14941864211699	-2.03918433698982
-0.0628716674517827	0.542374132092102	1.88295056020275	2.10445148555318
-0.0840938040347503	-0.111921931302988	-0.536535020939846	-1.20025527891566
0.0333523055451708	0.0870503394440121	0.914204578466085	1.23425295452667
0.217659874334728	0.192652074065173	0.0680515870756781	-1.73209625730819
0.202692423482995	0.347874683475013	0.175576211073112	-1.13327220777299
0.0348631662921268	-0.0553225810318952	-0.55377433496889	-1.22064550655989
-0.0374462993075655	0.104465754034074	0.252531024557417	1.06330412875875
-0.151942357226618	-0.0626328935803128	0.265493559302261	1.16480408426095
0.202958044281184	-0.249968011429909	-0.724544986697405	-2.04588393264698
0.0837989679686691	2.15223861500415	-0.249821517425588	-2.41342084774213
0.245138889822557	0.84054039437926	1.40850482124992	1.58687239492963
0.251601735048586	0.8358115107715	1.45569068079291	1.65178653529833
0.00922719909791776	0.233518377707989	0.720392236851038	1.08503522440091
0.175254665189019	1.05885559030006	0.492322540746525	2.44081910573373
0.110749644449272	-0.178068591422079	-0.368273693034254	-1.26037336311191
0.45749725858777	0.523807524201872	1.34398867976284	1.77226821600462
0.0324600268300514	0.472178116287437	1.82219713468704	1.44610761691478
0.234903950496803	1.15142876334652	0.425723335056804	-0.804546029084604
0.376478983114483	2.51554265967892	3.10462040062987	5.42663908223772
-0.116210398527418	0.121805671530249	1.22033933081774	1.07293815920728
-0.100987431850132	-0.15044810406451	0.54305980435225	1.02586729691735
0.131647893765186	-0.0399141590007175	0.724355543650928	1.10756372044689
0.0843272549350636	0.163057107748547	0.499093055952961	1.13850597032751
0.408158604265073	0.720176263418425	0.473743394145038	1.77114963723221
-0.117067838755202	-0.48797338016664	-0.554718356831385	-1.02441401082746
0.174951450796905	0.85723849595836	-0.443228214546538	-2.18198680996956
-0.0731521024559561	-0.16212667794127	-0.58015076925456	-1.98779755438191
-0.248371539212628	0.0656389030797766	0.762968474883725	1.32411619974047
-0.0287033413270938	0.395731838788653	1.56403184949116	1.6394187801624
0.0993192658566852	0.36573070606013	0.89878732744805	1.19145293040644
0.00722566897625002	-0.171252606929676	-1.16249030522208	-1.11316619268651
-0.0455218172681452	-0.166822763390646	-0.908305696942134	-2.00194178806625
-0.121534190102389	-0.00733784661846071	0.76358817425097	1.10827674442505
-0.061477591963338	-0.0171963918092794	0.843865248421553	1.52294451567174
0.347802591802241	0.0506830384926911	0.290738437332674	2.66536241518363
-0.0963704065910803	0.529344830266488	0.594988896847542	1.01919485466964
0.729676532818372	0.163082418564237	1.32065669612336	2.03556465809437
-0.162122101707258	0.0967627890064491	0.645634410942126	1.08268101268905
0.246997139327304	0.328127502795336	1.26074703100564	1.14899756835634
0.575607396874945	0.221675327279681	1.67065196613473	0.851635067435555
-0.0706361745017165	-0.16947035968551	-1.22597948002665	-2.92824190305896
0.148385054755043	0.288355379196002	0.129223217352841	-1.09229307856412
-0.0647525822806896	-0.0588161450139978	0.561157793507244	1.16763441001112
0.564654290874938	3.2123593852815	0.811568387217314	-1.66856320297923
-0.0174025833312197	-0.214664725466088	-0.921134866791552	-1.67178338128049
1.18794962467069	1.95120666343019	1.01050549413582	2.60709657581814
0.0987913918768249	0.467342795550665	-0.529534527500578	-1.35749065473218
-0.139574120663844	-0.0404134690070019	-0.441908108649368	-2.3334947863248
-0.318064963381454	-0.123423610854454	0.274704354187861	1.01353771442428
-0.12466902713155	0.178854620143658	0.437882909447107	1.04201122690884
-0.0950563082882451	-0.110352207647261	-0.323419147179902	-1.0783699750609
1.90075783649665	2.46518812960654	2.93014568493371	7.65051575118209
-0.0423403979382291	-0.278913865517171	-0.898996381220552	-1.02852379679334
0.190573989566526	0.339544122770559	0.554158646436412	1.06888932663399
-0.151045231030671	-0.164323424741584	0.07587850860392	1.02038585261059
-0.0761465410519722	0.241676317206456	0.78443314359831	1.71273628781994
-0.0629408395477689	0.219264813456602	0.732812306337468	1.28085753069086
-0.160525366378221	-0.24967873245522	0.309031819644736	1.10024390537338
1.04059018545736	1.52448079055328	0.953239268472075	-0.683831097486121
-0.024720664694402	-0.0847243967763514	-0.842639742252957	-1.98948389149289
-0.0383716463900689	-0.302285864000237	-0.765382338532533	-1.64738307857414
-0.242821808447021	-0.325274457303773	0.117577954713098	1.03808156734735
-0.00620254675045376	-0.168344417244004	-0.760652899738342	-2.16702586281584
0.0924526790882814	0.581583092954866	-0.181588092270785	1.34167580421965
0.130091923543447	-0.400099483710001	-1.01860271407652	-0.937766051772147
-0.0423972093650668	-0.151698758535003	-0.396031061169065	-1.10935465508397
-0.0831639251780208	-0.291216270655753	-0.901600269700448	-1.10418157200037
-0.0906175464577928	-0.146411693831317	-0.781200021033871	-1.11158809822239
-0.117570968827264	-0.22026220800373	-0.497526962046149	-1.47602766612166
-0.0618795668314521	-0.125114482477983	-0.0270171208935562	1.30697468861538
-0.22844641029071	0.444089986668147	0.778235109958189	1.08835147223032
0.894241124632173	0.798125469996753	1.105173474108	3.08129716815534
-0.082335684938816	-0.294638543764079	-0.745464816106199	-1.92546968909189
-0.360300080617799	-0.143712284846234	1.35252498775685	1.76047689746665
-0.0608558905767195	-0.109331474034379	-0.696303076243327	-1.2094702263362
0.286800147936427	-0.547053967842424	0.278847056899377	1.86174440523536
-0.141591958797855	-0.0904027176156157	-0.507103212147014	-1.13650024148369
-0.099478991584483	-0.133050287502682	-0.698612131472327	-1.03079206520179
0.060622498407879	0.397810053489123	1.79028023801395	1.59762919151719
0.375279439438445	0.391642325455459	0.831403617287016	1.31904954925874
1.35839370201171	1.73594590201638	1.01482041091555	-1.19333944901001
0.813203890841765	3.32169965122658	3.91664745652845	3.42362900715333
-0.151356632091186	-0.283646060570303	-0.852840437041879	-1.12458113291101
0.00247602546859745	-0.0521364552686072	0.392115849293658	1.20421512820173
0.476611783743899	-0.116627797451331	1.25925208704277	2.16443303804772
0.165466151382927	-0.548385158390785	-1.16662061610802	-0.962050110964437
1.26386056733545	1.10493325708265	-0.395427194747641	-1.92952781204793
0.124446383509298	0.0688136923860439	1.22173492560149	0.980542914337654
0.123304790128992	0.00691115112989626	-0.164237378272526	-1.57401185920435
0.228145191126664	0.313437586034476	-0.142116885640434	-1.52771439710325
-0.0142545244408428	0.258569780321359	-0.42442775665314	-2.14185006073905
0.0906092786841147	0.378042899635579	0.949496258326669	1.42817154288266
-0.156137323794487	-0.00781250470896971	-0.294937303122641	-1.22237737676094
-0.0264096952995789	-0.171315739368736	-0.609859306048775	-1.57435331736498
-0.144220100265793	-0.0399983813262003	0.483158110008479	1.05365446674438
0.448889690610108	0.781531086040235	0.610916249217459	-1.02196168381416
-0.0129354336996524	-0.139375452806908	0.213675777189907	1.84609702966236
-0.111331824132588	0.182821597721228	0.628468354275663	1.19763379103589
0.525081834475081	1.94632924404158	3.61200365786185	4.32952591149796
-0.0984373970859184	-0.0351908144299805	0.689652333524526	1.21575727682924
0.455475249881784	1.0423962202132	0.212604828071512	-0.62062281224359
-0.420257173630408	-0.574156906713591	-0.232542143301488	-1.4345612628356
-0.173824479691668	0.36741356223166	1.29097453590774	1.19977244608538
0.0380126135697719	-0.340295098895203	-0.812092290404113	-2.25260117084012
0.0224060520529832	-0.340062489179007	-1.05708404101111	-1.64055382394938
-0.160035753739427	0.365252937685638	1.37048391400478	1.54688961502389
0.758336785097191	1.69331292200188	2.87324801405626	4.2278606446188
0.0988456912701742	-0.137291921772253	-0.49774414560596	-1.11878773206489
-0.00330373624266476	-0.0576456800032844	-0.208944940054002	-1.10565909219642
0.0729773967802503	-0.154215416069928	-0.972793823700994	-1.28858638379896
-0.174772978945025	0.423404844306235	1.39938725794655	1.77239007387943
0.46322462250027	1.00641226045577	1.8604579745605	2.73199994999034
0.360215799110928	0.634250540746164	-0.417503044644021	-1.23353327831032
0.0104199268813219	0.274653084077889	-1.12240133118818	-2.03758410742582
0.008301237888854	-0.349133533798687	-0.99542741451387	-1.30585621798258
0.100926769705922	0.313780887066205	1.09407952557072	1.11539694304427
-0.126849196677674	-0.315795312152066	-1.19511944445345	-0.506913982209951
0.164969500576347	0.0689472583718045	0.0756412715358906	1.25675277361687
0.216249284515716	0.56042508410277	0.702870168414646	1.16811843729389
0.880744685784929	0.77918443615403	1.71754434548605	5.73097596374445
-0.0404876861274781	-0.0452363993010771	-0.386452212030439	-1.58052443303795
-0.652210507375602	-0.59100079962995	-0.663889429865739	-1.35127967119252
-0.15834381293967	-0.372642362441804	-1.53922017693052	-1.4097089046207
-0.114840603906305	0.0267630059001335	-0.640011342895848	-1.20657367595397
0.352292909285181	0.275891814572444	0.235378545133429	-1.06500465860769
-0.181344220180475	-0.241906482016395	-0.333074915197099	-1.01092566127498
0.435735220406973	2.42789789302517	4.14540244362087	3.91932676814927
0.0660881594763507	0.178150462309036	0.0085913882893337	-1.05219183645744
-0.00515835039030584	-0.209128426635906	-0.882388819082161	-1.79593682574771
1.14889735419033	2.4380492197491	3.07989848126416	6.00541090970234
0.0598150820176256	0.117234296238637	0.718475535396406	1.25464781483787
0.0318207787770271	0.119018158876505	-0.519873020984015	-1.18969902034304
0.442955624237395	0.382488834844938	1.33916399055891	-0.192140142408979
-0.09533764824124	-0.0208440081194729	0.566153989036818	1.19891387377328
-0.095319553955475	-0.213120684562176	-0.0938350999203652	1.0997602011092
0.144550174224532	-0.270128623387875	0.257501439735914	1.65082250916642
0.0982495504578297	-0.567611565870058	-0.773677659431422	-2.28297737832244
0.0166734685886481	-0.248829838634395	0.570645001247305	1.73452598704865
0.0234269725202896	0.0992316348280262	1.16284329426536	2.57989454539778
0.173192711619512	0.224237943063475	0.502955539108603	1.12778504091132
-0.236786708400652	0.0124874448202877	1.00112336560274	1.3927080213937
0.0332857874146896	0.0451742955874523	0.394325847416297	1.14545794307883
0.0272368202259893	0.36408524473307	1.23915221432068	1.4785926584303
-0.166888642629574	-0.298474801275489	-0.271587501601638	3.22314648446254
0.0650027629818435	-0.456635350190845	-1.5962472596408	0.102550318813281
0.124441505532439	0.289291813392155	0.809433256021361	1.46105885610364
0.337044521598842	2.19950749137952	2.90820602101732	3.04302797922901
-0.0829161365669464	0.242950658658612	0.702060468733288	1.7007140099676
0.353029510069064	-0.135369381414149	2.48223372972015	2.41832775773217
0.17793529086032	-0.0263646159029002	-0.95198954176938	-2.17438546063635
-0.0997161027199529	-0.0579844424425989	0.380937946455567	1.14522331195876
0.657200839613194	0.600609805300718	1.13584758210074	2.17830810800953
0.324047125510148	0.474479356763258	0.605109842010911	2.34598649448339
-0.231284663964616	-0.0402462573258823	1.10705290646263	1.76265569603938
-0.0928262325174598	-0.244659147862083	-1.03064169734692	-0.248206024081466
0.124118920751996	1.36210922359941	-0.17635220063713	-1.79263747528222
-0.0895090439009073	0.269166604996793	1.09381979965367	1.1045628575746
0.216021321378588	-0.412449326636311	-0.427489163342561	1.02747628700647
0.361458753411166	0.476647998526905	-0.0767729360743211	1.2362361267837
-0.0816080481960069	-0.0934261007026015	-0.397176777638096	-1.01192842529179
0.0180025466742251	-0.0380955796200017	0.460358186576712	1.26716350584673
0.0301881255697932	-0.268077690325653	-0.482004702565859	-2.55014005018215
0.0180907217898376	0.0956254170266181	0.832552318666114	1.15255156616864
-0.0585425563329738	-0.124869613307456	0.434465418135265	1.0594147077245
0.0767501263783375	-0.120208171866594	-0.142180252359237	1.20845566991404
0.0352189926243514	-0.172212857521818	-0.838518514686863	-1.85698194216506
0.547540886130097	-0.117233821783193	1.82339657285629	2.09827450229982
-0.184991538459382	-0.260508221526949	-1.14053851184932	-1.15812749226953
0.350567543401564	0.12990158691037	0.9562242046425	-1.07162981074323
-0.0391472028707797	-0.106400288036336	-0.507698668086645	-1.42976342032651
0.323033557867957	0.878769246923808	1.21353399731464	1.21166935163278
0.187096291039041	-0.187634962326656	0.365051267459023	1.00127775074433
-0.0281217154922479	-0.156264291501551	-0.509361167655962	-1.54345910300519
0.465181023644489	0.873435312840574	3.30558509480654	3.86395330465532
0.0437207084324335	-0.455076511024954	-0.141539004550045	-1.85172024983532
0.0480399409982105	0.0383289201291204	0.75707471120426	1.10112820067116
0.791846461806747	0.907206035379265	1.17689140664404	1.65917958482891
-0.152235289537311	-0.0197072195012784	0.378962886658076	1.00041456546847
-0.0311739304109405	-0.345977297567329	-0.822688118135982	-1.4552787545295
0.000156777517929891	-0.00699947016743503	0.578938575127277	1.6802655996331
0.561360616927927	0.108972293204156	1.77159622178491	1.4305126022571
0.100466863201591	0.11984156070272	-0.730608616988874	-1.15790881409666
1.20359148980145	1.33578626630417	1.33979711155036	0.0821380401505103
0.157520737069941	0.091955570689562	-0.188434480629405	-1.07415398065893
0.806079471494816	1.05422612489285	1.40113436103063	1.59313040843388
-0.373834370375504	0.0304977625191985	-0.658393220492427	-2.18095500061551
0.00319644907392301	-0.0911810014345319	-0.444110357218139	-1.04435171876537
0.391709439162967	0.549113660457118	1.57227139123286	2.28733657156613
0.243310472317515	0.106920823590719	1.03281227697843	1.34283745352713
-0.11405559217411	-0.254705789725712	0.459660151645548	1.26833556619649
0.0508237650986512	0.18663783935678	1.34928138468407	1.73173383338231
0.30047090416008	-0.0271204400532168	0.0948405862154585	1.14953849904199
0.67963815391706	1.21547040732778	1.61178664184555	1.80174328807862
-0.00878708041648477	-0.155561253117749	-1.01862466415375	-0.990835259289702
0.201166839551045	0.0352477191499007	0.453562500864259	-1.02749559851861
-0.00494056958002907	0.00807125275616495	-1.2323376060547	-1.05376507678763
0.0293186405533965	0.180950032481681	0.0588973459859599	-1.1752579200455
0.143981988180725	0.609251408864297	1.2821351977028	0.869703966131629
-0.00425918447427152	0.884143746249507	-0.0587353815842513	-1.26413149977351
0.0163324426833235	-0.026201919155113	-0.508502359201912	-2.75186247845304
0.394920895618886	0.705988425995292	0.908606697505244	1.36274658060315
0.167357799028285	-0.53606130873281	-1.06024686083905	-2.13000085946059
0.360311675673866	-0.322867585609228	-0.578602963593135	-1.17295536650774
-0.147693396472665	0.0956197227150506	1.2480773319188	1.59186719550597
0.523770371517383	0.927373744308836	3.1397305095857	3.29028530822171
-0.0534420420608815	0.191781979066835	0.845996535732201	1.11887824157357
-0.0207700920086785	0.0838289344006873	0.286409994493597	1.03232815104817
0.208385203645476	0.495877064922661	0.869719600003592	1.11211386205196
0.203720434034204	0.359582888292999	1.47887626037989	1.34691940862021
0.172986647059105	-0.216520567821859	-0.646441083977293	-1.12752531391861
-0.0114625432485567	-0.169122449249597	-0.512718433904625	-1.08445223593076
-0.0524944546428045	0.401159708871715	1.39188398503647	1.32891252172964
0.511531129924968	1.40331419402368	1.28496842861411	2.04587017914961
-0.0260553563580486	0.644618360139471	-0.11936020581569	-1.27739156327877
0.075815021539923	-0.22135931085699	-1.07723087195865	-1.08868383495686
0.0605676595134299	1.11649494218239	2.27445249667256	2.4738074825109
0.156602224572749	1.33241204882248	2.14583793122817	2.36762569985566
0.964622885203604	0.902925844271949	1.65849356766163	-0.642165151184195
1.27987178161858	1.19297144005721	3.11193075992355	3.51129550355344
0.0688091123957577	0.0182278170549638	-0.377976842907049	-1.10888635201759
0.0211330443793907	0.223797769137448	1.4012518277128	1.33572845612829
-0.116098157572588	-0.214174402688114	-0.893413585601048	-2.26553533994982
0.2179720429027	0.0742949892088815	-1.24963287722592	-3.16941114128217
-0.00462657568521347	-0.14028021842157	-0.785602917812843	-1.18453721568345
-0.0127786859735352	-0.119762135057192	-0.488650322899051	-1.13580315647864
-0.315214077862824	0.391231199903979	-1.23326505289886	-1.27784017135288
0.710809160039231	0.138722094989782	1.21795088939986	0.5777415062251
0.0544397618267652	0.0659503261776672	1.09067736038437	1.15899622383571
0.374172239122757	-0.55323885705614	-0.900271402175443	-1.28299905951642
-0.0463976724450744	0.064179803987134	1.42552807650329	1.53602072631976
0.266211933855856	0.883501496109443	1.75666227771418	1.77707484904055
0.0368208329241899	0.115043349171959	0.940911352998977	1.24061696098258
0.372327379408625	0.205584569425261	-0.306202522690382	-1.33227855593194
0.293870459936634	0.430712643515947	1.17777139118402	0.588253702498415
0.0397808150024804	-0.216553618855712	-0.0873850975794796	-1.58066514316298
0.228246928580462	0.724141960322759	0.962112310377451	1.00999333075217
1.1770085406503	3.56985236159174	4.0203895088654	5.77985015258698
-0.0288934157740083	0.139411213542423	1.21510413520223	0.446618423756106
-0.030423344909271	-0.0774840102167604	-0.465493881856224	-1.20854320228229
0.0827456472298648	-0.0498500655144666	-0.826057609511224	-1.2077530264419
0.645439141059991	-0.387178143622448	0.956099148263389	-1.57806485850769
-0.178426950599311	-0.139133190211611	0.604523369492652	1.30522420959874
0.86367330900883	1.16083757098147	0.749604581317258	-0.443669693318728
-0.173217456843844	-0.0514472723383619	0.881223000193158	1.11102526926083
0.214227002581126	-0.000860942440735456	-0.410580065782639	-1.05068024354419
0.708923689820477	0.470610528359314	0.433783649427587	-1.73675578942517
-0.0257614934877319	-0.254580728020543	0.349932283764805	1.26813345048392
-0.0547074859426088	-0.4373603613734	0.402809777209595	2.2736981052014
1.51856669625095	0.415027668670657	1.28305068929891	3.21597238744083
-0.0324346424257065	-0.0676230209237443	0.0111326482202006	-1.06391740283953
-0.0382964825557915	-0.159362959257953	-0.78196574130724	-1.66943592535038
-0.0057450608240475	-0.434116226084589	-0.984750188150933	-1.56104810128004
0.429012777924519	-0.335567637754586	0.291822990801794	1.28698781094783
-0.0221477418574315	-0.130970229171555	0.148205590913741	1.35581526894057
-0.152609702343539	0.0127933832325573	-0.414316846617794	1.42295625915537
-0.209273815244345	0.408407999530019	-0.350417307313573	1.66962680422137
0.0472582820442888	0.0910308530127205	-0.159904901952398	-2.02880681752883
-0.0911108074048971	-0.0770795635625447	0.517919816411692	2.84410447152962
1.01282894156031	-0.00593974859362622	0.333028353451202	2.76084416331247
0.375356277269295	0.203878027491691	2.55363488976357	3.76153242307017
-0.042516441971659	0.0438610157181342	0.922421627633792	1.5209999666221
0.483152809090044	0.435924318281252	0.895150633036379	2.04877826548282
0.434894277776832	0.360464222167327	1.08823847150896	2.28751231398776
0.235865895150311	0.552536683877709	1.49816318358395	1.30932022031334
0.0575250820224222	0.320745166896661	0.0709160972211782	-1.44167671412959
0.0854842403542913	0.179837738247352	0.797307287826034	1.0694324526148
0.101082971791129	-0.122594783953187	-0.42981739399412	-1.49919916793035
1.52336270972897	2.11755718415593	1.72458586926374	2.61426685895861
-0.0356506810588988	0.319733483206511	0.711319610800521	1.03513254287338
0.163292159909527	-0.184098741702999	-0.979854770369765	-1.33608387002567
-0.0666773677163666	-0.304979266506249	0.643570463362668	1.21717675511671
-0.00772620869533618	0.0219514698481981	-0.376059740565526	-1.07583430360321
0.5694460266299	1.32937810998653	2.96390897132428	5.0430316709444
-0.148989961805118	-0.090882633708947	0.353349109012479	1.09067779179492
-0.133119984286612	1.23899266294159	-0.0738619082041981	-0.545409050112529
0.167987833767932	0.113583310164037	-0.522603227258316	-1.08321077347332
-0.0443412953971831	-0.468615001440417	0.133908043991014	1.19594000410615
-0.0126783345313823	0.373263354256702	2.11300436729477	2.08429102211763
0.0369848187954166	0.0575981183501712	0.931108607914196	1.02280172524537
-0.00530653669034976	-0.344491208696311	-0.917646019689057	-1.38499963208982
1.20827357212277	-0.515616076201606	0.498179562749118	-1.03247813382085
0.0418030036560398	-0.188882701196108	-0.672102717793547	-1.3251251407084
0.325444600441024	0.149733799951895	-0.355275174913715	-1.20575649676535
0.201476727808909	0.305097850349365	0.512299668644578	1.40629060562889
0.318016299510848	0.641064131577931	0.182909667891048	1.03986478474128
0.257138317526504	0.0368124649259601	-0.630306017565561	-2.01019992192712
-0.0967764110133588	0.614019264572682	1.66533219864062	2.45544974034011
0.100588591533568	0.237141078485364	-0.295105785066348	-1.44994719298045
-0.0113819764951191	-0.110960794085894	-0.708228498085052	-1.02154278870624
0.126887083803558	0.627401631408582	1.98445256020791	2.10498965519096
0.266067655668327	0.320130887202346	1.22862471144974	1.23049659813379
-0.138116285854675	-0.282530037255474	-0.895558688819133	-1.32338879392292
0.0760762773014395	0.354742055073751	0.957218575434497	1.46522343859325
0.0699338445933136	0.484297069206321	1.8259554156378	1.55651434696988
-0.057136348215558	-0.244529919669049	-1.0255016202073	0.135368081237133
0.0642797403830674	0.12670273515435	0.758448109573166	1.4417310414937
0.826065409644342	1.01489189798757	1.55906846259376	1.61184401869591
-0.100542058357169	-0.0673063345983529	0.195333265555588	1.97000741232776
-0.131343147156973	0.406433537986142	-0.561213111381743	-1.44814647468156
0.000334338367556213	0.341222773323043	0.262041832592677	1.06282493155844
0.716512460240991	1.49948310002848	0.767524515705796	5.69410899179819
-0.0139096378567219	-0.205772376250466	-1.05686473502566	-3.14152712638941
-0.157070788643685	0.978403116310964	2.25615175009238	3.05431681670418
0.00951056772487293	0.296393030896489	1.18595197394074	1.01494538196383
-0.136204678491858	-0.16041963002494	-0.0308233567846661	-1.28486788259246
-0.114947806625682	-0.148690640804297	-0.575066940139785	-1.00231448421843
-0.0644178774635628	0.437449230308588	0.524250752384493	1.02441791851648
0.0869570034738324	-0.159404538360189	-0.620575764951259	-2.22568518177571
-0.0396683972428065	-0.0918977124447088	-0.578304034747141	-1.4746804673088
-0.02510670766322	0.163424961011862	0.699891474517647	1.23877448745687
0.687166625143611	0.745508667443853	1.21474663046328	-0.394294754750244
0.118560335412132	0.00435537507511423	0.212567967726516	2.01139001880145
0.0267842382039455	0.729269861079576	1.76289363728217	1.47273894905129
0.0124415123215544	-0.195732343699505	0.727307950508771	1.38224616171674
0.0225944762154269	-0.012774354224885	0.439336306797867	1.09494690935699
0.0318249933565242	0.13274148898167	0.589337712560485	1.09290952380138
0.049417517562798	-0.361537636132439	-0.374709509926821	-1.30681098658592
1.7882956966875	1.3630968199738	1.65180490068787	4.10765215302674
0.115705395198886	0.333866855239054	0.549831061945218	1.06554136194449
0.966607912109294	0.975745831085191	0.521001078413834	-1.56682146843234
-0.0369509690111722	-0.149746013877819	-0.372358419050528	1.15981901148748
0.101582643308477	0.371838394916413	0.522368101163451	1.1414606085399
0.0224380101903665	0.100652097696366	0.456858827791911	1.20757482196927
-0.00540571201620154	-0.254872114781665	-0.584741008192019	-1.56050285943365
0.530422034471199	0.471911173352156	1.25407454079047	2.0082614562986
-0.061309618887768	-0.503633737129925	-1.32714696139049	-0.434269976606483
0.322904772002556	1.87430967902171	-0.589195828083746	-0.852395464560893
-0.137520857597704	-0.155860162954765	-0.303219423442929	-1.09806645903789
-0.0740687453735852	0.132445544539857	0.658980718353713	1.73032636110016
0.124862721482054	-0.208008233306299	0.150873709737795	1.07021566287947
0.548328893111109	2.493934004965	-0.150291706888199	0.709436267466326
0.333631935117033	1.79607430975641	-0.51567837453122	-3.58492624959045
0.0843480416116524	0.197237599066229	0.626632337756351	1.25951933525836
-0.072000617176545	-0.0911562930570497	0.263858342876157	1.09644155411686
0.219273400461851	0.413374024777335	1.90396946754466	1.84303517237528
0.0962051728644458	0.188358783190273	-0.800659808964504	-1.46404183493434
0.23127180769867	-0.0553281750067321	0.123534226814386	1.17684735698766
-0.0202651115344401	-0.230765343585937	-1.46930123349553	-2.20661256254874
0.629298152145389	0.988904911982829	2.98538085518334	4.21561030780435
-0.437171490669511	-0.485243929143566	-0.947749556417065	-1.34596767578557
-0.0912237557582475	-0.133085814810661	-0.220257390616237	-1.00901943721002
0.175912343813195	-0.303311766892287	-0.473655940752019	-1.06264404327533
0.442840799769735	0.637226771971812	1.90124723303385	2.11042881032451
-0.00543374853704917	0.170352798382436	1.38699540092895	2.40104416929595
1.10319036896979	1.56021394747254	1.72132222383785	-0.249796558493981
0.259399155174162	0.747705190525694	1.16568098720258	1.27854536469967
0.289054575882019	0.337751547020355	0.737446840688422	1.12250507023842
0.159744675012602	-0.158255886358428	-0.634203820998887	-2.14989713957593
0.234553679796547	-0.396490482425815	-1.10643160078615	-1.17316563288799
0.0246768821886777	0.727875135031148	-0.799012727550365	-1.59109998375893
0.276340280962272	0.685122393425339	-0.378197841569656	-1.86562055485438
0.362867048008235	1.36047881117285	0.748335437191404	-0.429970789101443
0.500347208403096	0.0225763849823762	-0.856406218918841	-2.09402223594405
0.130804010981375	0.192469174795805	-0.0365620257907897	-2.24078305104755
-0.158986045957415	-0.698426480156116	-0.797867145483994	-2.00117242547261
-0.0452574217485855	-0.439044643389722	-0.927810272313034	-1.44792819980664
0.099683317507042	-0.135810076448277	-0.707716640070165	-1.1712211371255
0.0995315745929749	0.584461740744755	0.760881519762878	1.43216162862144
0.0591810173144033	0.619508077031566	1.70476154638823	1.75988424415929
0.136023767196607	0.122217654972247	1.17644511243273	1.57361318413146
0.435177409754437	0.104667833114516	-0.421942715325636	-1.5716727644193
0.440532104483262	1.20978944288463	2.53812729253749	3.65797486705029
-0.148139723394511	-0.0114947267414846	0.41923488616443	1.22874452780331
-0.0512542887934707	-0.184413259527491	-1.04364200854653	-1.2180194175841
1.33899157680822	3.84269575402569	0.826130642709569	-2.37862213997498
0.0412230679003816	1.52570999130446	1.12865367902336	2.31259708018672
-0.0298099298081302	0.841735472592324	2.27905594649005	2.26396474876891
0.370789904195095	-0.116068126009704	0.46165211564894	1.42731581814165
-0.149353198032552	0.0103698961445715	1.04541793425033	1.21865449403758
0.479441666133536	0.208409006591043	0.659283430899917	1.20612828701558
-0.0892180229792007	0.402769158955505	1.06407984135785	1.49965866880868
0.382068870484414	0.708391686070476	-0.497282178982901	-1.36625048430227
-0.186472646193075	0.229033870345746	0.190321749125417	1.42032463340429
0.134315801211463	0.368221201511825	1.2264662935036	0.97201249754842
-0.0181407299760415	-0.15688364995812	-0.617826047409897	-1.70431158018413
-0.0165909628001906	0.248031945230819	-0.353220364879014	-1.0868007568062
0.211564330081068	0.308391121302726	0.993868170530552	1.47538854212244
0.0734722062159341	0.334825591575347	0.817652907645792	2.45662935985892
0.301750766362735	0.240696581364058	1.59707121307614	1.37029666133049
-0.101736111633895	-0.0732750621033399	-0.648818857415234	-1.71765403671048
0.118571633816992	0.0258112140409839	-0.491572205032675	-1.00834828919947
-0.0990942089523348	-0.182468912771914	-0.732286960727582	-1.22292169661372
0.148740878598008	0.752997143312301	1.31258579584411	1.10104304981379
0.185288115342711	0.20080629798448	1.10641523553282	0.524482828715113
1.01417559334665	0.062062417115609	1.73355729211247	1.8055669635849
0.038742825792166	0.25203479640371	-0.52293633031928	-2.2480452503395
0.0449419897663735	0.472183491177906	-0.632767047284854	-1.73161221743062
-0.163518958970724	0.11070520929146	0.053069216763072	-1.63330361085674
-0.0368755921510697	-0.0278155827183283	1.30944829190487	0.703864713474856
-0.0362509184383019	-0.0964422451874335	0.16125318043009	1.04438036255898
0.0611283093836059	0.0939658341944931	-0.502905420925129	-1.60315440617456
-0.138705780532647	0.955575098364568	-0.722218456685864	-1.62658544728814
-0.0213301471805224	-0.346828770513141	-0.45754398172896	-1.39937736275882
-0.0578279936165816	0.020226853622478	0.756359840479185	1.38569753111568
-0.174085285212473	0.73379766208448	2.1634217017206	3.23267171801475
-0.0223529707575211	-0.202237377878504	-0.544295499684751	-1.46371310558091
0.378949218542745	0.514682735796376	0.759540573591063	2.62374253631678
-0.119765283220619	0.157124649051352	-0.197678173417491	-1.63256488242069
-0.332500569263258	0.996916775810825	-1.02277367311433	-2.38619925716176
0.0514853468828619	-0.0893425769083726	-0.950652820760288	-1.17471604983694
0.0890751107025432	0.0448641777821197	-1.120673031676	-0.539502105394186
0.173630197595185	0.571680003359038	1.30338873255148	1.08610765574742
0.0488509852296888	-0.0789503441596999	-0.2995403708002	-1.11841976699754
-0.0215922563587954	-0.041040999751119	-0.572303477075426	-1.39590903850109
0.0443250002007508	-0.0842819868304483	-1.06474144298287	-2.03940548336511
-0.121970727888348	-0.230729697998213	-0.524663130891104	-1.41564397088892
-0.192149585814841	-0.219901328520484	-0.775475796987142	-1.53539232475318
-0.00292000670889723	0.450505557935423	1.56295932460178	1.20513083239845
-0.00625784407904599	-0.238688570237181	-0.819265710695205	-1.41657520569664
0.447241272751203	0.19762283102556	-0.242500116365695	-1.47012513020487
0.435649465529791	0.638155265547734	0.590850011395986	-2.60660142252717
-0.280926176425385	-0.32654924028015	0.43121455523032	1.1183069190101
0.224838058410116	0.546344415160655	0.0146632488541502	-2.76359436011147
0.017862497091473	0.0183990620494792	-0.986363782650705	-1.41557943275059
0.0822333772396494	-0.0265806485636036	-0.511937339969507	-1.10145177203626
-0.0792785724539863	0.360241994420356	0.255404494672906	-1.75839890591973
-0.0826806118797988	-0.0799097135099286	0.656793597903261	1.21401898603528
0.00797430152420747	1.1461617448168	3.06475300459551	2.76610965431979
0.0264262510712351	0.016010284055287	0.97746920608584	1.30553909137435
0.294630785231337	0.216067911338706	1.30751725893759	1.07156105115491
0.0185054501304202	-0.109238018349619	-0.644788530412104	-1.77873112047703
-0.0976392587657772	-0.129658235528054	-0.483675789294247	-1.23073141257302
0.13734061450974	0.368739935914105	-0.688988142585993	-1.64289183822458
0.13300549509314	-0.763088066905002	0.696409556103149	4.96882207414373
0.0841210404889216	0.81464024835947	1.03801517917343	1.27840094630389
-0.0374720406526631	1.10221274511665	-0.332548186120087	-2.87987027074242
0.091167673339313	0.114309230132832	1.11998523524276	1.56002641875971
0.00188622598686187	0.47590087382135	0.910634401438796	1.132008104705
0.0534552279718793	-0.0698349797573128	0.933759689719606	1.01053788252223
0.210709561007861	0.0476472875777467	1.07282141876915	2.6999271089551
-0.0245563655727216	-0.129353048536043	0.85272363581985	1.15080683283981
1.07272794021724	1.50578634021848	1.48454273414693	0.560956149032259
-0.0593558965691465	0.0274315302275645	0.261258369229193	1.12393091120209
1.47268618684857	1.4729438397064	1.26575146673189	0.95049979023496
0.26709170599667	0.841918682019558	2.48662054419282	2.08458421095887
0.00413492197089946	-0.057877570790965	-0.742291302157799	-1.10875754633269
0.145898666693788	0.959704387915933	1.75635682387257	2.26009124236706
-0.0092381661093978	0.591791289080972	0.788394136888534	1.54460324639204
-0.131611732948625	-0.194186161757239	-0.648483479514376	-1.01999500635589
0.109970966374079	0.0601173237301476	1.02484235740811	1.6789804901412
0.021901717299053	0.378534055082877	1.56578031245468	1.53911769928863
-0.0148495500612044	-0.132897309049538	-0.885527322165452	-1.28256613094958
0.0490527995434391	-0.732957788319099	-0.895227963209653	-1.96828987290805
0.167198157406907	0.316311997556923	1.28327043730162	0.988074929598653
-0.0256369564018087	-0.0599656574425972	0.880892860244578	1.00101429753112
-0.077384896637485	0.123127527086955	1.45369522139481	4.16830347301873
-0.301801992918667	0.66211043405819	0.91358558827996	1.26802969594543
-0.371995577379523	-0.103269609069428	0.634437605114487	1.02341220731566
0.456602896887575	1.4397843075802	1.63877210485346	2.58333627271189
-0.38642761953873	0.434265716219286	1.00153348195765	1.27499145491791
-0.0366922766928628	0.0735294932244341	0.111710525279038	1.21487982819015
-0.284559856597823	-0.454060492927257	-0.558061742162793	-1.51095573805356
-0.0223323323536372	0.066842283404537	0.413254349407242	1.27643002117002
0.227479575524843	0.432142602144025	-0.339366316008167	-1.37471338003947
0.00103714428514691	0.680305323932854	0.179672767894815	1.06999906186096
-0.224439740851531	0.607475279804254	1.67830010089825	1.47696020653817
0.0771117467638737	-0.512573418031069	-0.685718684941284	-1.34248560750991
-0.0038184869222856	0.0274946773728884	0.984409116817118	1.10291652007716
-0.144954400292795	0.570968805418949	0.764633599444917	1.01429572010929
-0.0541256619721189	0.0457883492785095	0.413040419631023	1.28361684484756
1.66120237440971	4.12074141782706	2.25337527923021	-2.34879115708377
-0.386343139549962	-0.686644808735368	-0.657929899664224	-1.46417445054052
-0.0440759149790257	-0.226132139151541	-0.570408136122162	-1.31727637352513
-0.0386304120530551	-0.351335008265081	0.0837113249684568	1.02030685904102
0.157475732464127	-0.532855299562451	-0.604738508015871	-1.8884849842274
-0.135659446052474	0.0187012831537075	-0.461097131989074	-1.40790957258788
-0.0118416369919643	-0.449275025684168	-1.23318806655641	-1.12190197554068
0.0661584345881444	0.541081193770587	0.696858085258894	1.61847127799004
0.752877157222074	0.453178233956272	1.62119035033628	2.00564695267693
-0.0426844672976241	-0.0885838875870229	-0.632476673731499	-1.00591438492075
-0.12665769318684	-0.118641654663178	0.993036449895774	1.15642629225693
-0.0619256355867041	-0.340419544795625	-0.939714727368062	-1.05292154057614
1.371003354522	1.12860607637764	0.697682926770543	-1.97093911917843
-0.0433421979878034	-0.0144861270989585	1.05503917484901	1.44804108452964
0.0362098000464301	-0.144035124918366	-1.01694316918324	-2.03200194293292
0.84120961965865	1.03775697425289	0.314597008906998	-1.7509582710275
-0.161795213254367	-0.146791883507797	-1.02747194640572	-1.15881520918224
0.508615421908017	0.403453026740417	-1.15617835181704	-3.01950489180271
0.0265863102651735	-0.0258206526044875	-0.302732505556914	-2.22199375296756
-0.157999107366192	0.0568259470850699	0.27194594278626	1.06183798606596
0.156635314599817	0.00842869856944913	-0.111232820291416	1.07570501817764
-0.0881190622749913	0.184209498413155	0.95170993843973	1.63578806943125
0.373108653907518	0.841707944448804	1.11845568049575	0.962135238821349
0.00153530912438694	0.0706402283679571	0.66461745322007	1.09219632265255
0.341735445443083	-0.0303660144229055	-0.120901309546748	-1.65781409492327
-0.0710931752798769	-0.262218620514482	-0.346062413406238	-1.45775021707533
-0.0974216537583899	0.0653650567196376	0.908624385212136	1.28044538035592
0.0856303044811455	-0.199293199147772	0.207590807854213	1.24337555767953
0.0592160318342175	0.0835572145119586	0.428611164023247	1.05006267616932
0.575213228144915	0.499086257102078	1.49334693011768	1.02035894339234
0.0369942750929714	0.153932946247675	0.733662313355887	1.4283547685597
-0.334280361709794	0.310887099328348	0.659251590451026	1.0333962494179
-0.06913190620742	-0.309690032515108	0.614494828183321	1.13765702760148
-0.097075938897181	0.324219796302776	0.850926938804786	1.0218676789705
-0.0287492489302776	0.0922719287271594	0.400954617455211	1.01617062222972
0.127637809894858	0.226006873819071	-0.386862728063643	-1.19050210507966
0.0365542827062208	-0.253050064230682	-0.936910458542458	-3.13355429604348
0.0450625790080986	-0.171236922367147	-0.714627669215637	-1.42746780601101
-0.111827682007498	-0.298680646949943	-0.815305474626822	-2.33645990743081
0.0572927920966816	-0.261387504820637	-0.69920918198139	-1.16154999385821
-0.128210309298907	-0.00959248232396246	-0.406607247297947	-1.31982332664848
-0.277024298646353	0.280108279804703	0.536077157721275	1.02269060443361
0.210326301699557	-0.954193693060749	0.394895978140283	1.65054241926693
-0.0291938238258995	-0.0798159937126094	0.487833651195129	1.35825579246924
-0.198226990385044	-0.444014475758271	-0.382034753011139	-1.09465003620622
0.291062750403763	0.070798844977789	0.589848852695188	2.1857883922447
0.0467058461486132	0.414796061027979	1.4814789428922	1.97420096470654
-0.129088045001356	-0.372692318527049	-0.333221557355547	-1.231458474629
-0.0976070437706901	-0.528249377576707	-1.20850421825722	1.38817516001489
-0.0776958661016696	0.665374284091926	-0.687939455843404	1.92591594158273
0.128977582765366	0.183662744861015	2.53396090137839	3.91618645282417
-0.0285760266915356	-0.0977005351987527	-0.714156235551546	-1.01689339374587
-0.141582704116131	-0.219668573516955	-0.84981619001305	-1.44673110595972
-0.177030906108144	-0.176982053832806	0.76953774486644	2.0201447722646
-0.287009776972387	-0.213795928430673	0.597486443419373	1.48263463961634
-0.304080235669759	-0.216356165937126	0.925548732704469	1.65968093217508
-0.815144645269175	0.190963863876596	0.880040359155063	3.66836344084723
-0.0141062964604426	0.798560066529371	1.2932820427376	0.991108892458397
1.81111237619987	4.4185211432566	-1.28075258386136	-0.17167405096306
-0.0491499186434434	-0.0167950574932164	0.415557303406655	1.2316597929132
-0.407777226577659	-0.0311486568563338	0.781619872363428	1.06555928101568
-0.417694030041406	-0.925083313453526	-2.3111635035659	-1.62180212639706
-0.175054628908572	0.172587546345813	0.57491462984211	2.04665748260955
-0.116397557892599	-0.00834459430899739	-0.759045416947305	-1.04494124198661
-0.0989831505523965	-0.309519736082481	-1.34541667830287	-1.46253289114219
0.0087626835742162	-0.101391567317847	-0.412558238811666	-1.30994620894136
-0.0950542483101678	-0.120504199749595	-1.20404187072017	-0.846245446582388
